picname	A (area)	L (length)	W (width)	P (perimeter)	stock (large)	stock (NS)	circularity (P^2/A)		roundness (4A/?L^2)		Ellipticity (L-W)/(L+W)		Form factor (4?A/P^2)		Rectangularity (A/LW)		
	7.046919362	4.684729064	2.226600985	13.33869767			25.2480334		0.40882784		0.355666429		0.497716809		0.675573221		
	8.515118057	5.315270936	2.354679803	14.44366642			24.49989517		0.383751405		0.385998715		0.512915281		0.680351596		
	7.991640176	5.103448276	2.270935961	14.48814641			26.26574543		0.390677685		0.384101536		0.478431905		0.689552467		
	7.974847727	4.945812808	2.339901478	14.20226223			25.29255222		0.415104239		0.357674104		0.49684075		0.689107779		
	7.997791745	4.955665025	2.399014778	15.21386489			28.94069917		0.414644896		0.347622237		0.434211024		0.672721372		
	8.325268752	5.009852217	2.541871921	16.21045926			31.56402482		0.422336436		0.326810176		0.398123202		0.653762015		
	7.799788881	5.004926108	2.192118227	13.81382473			24.46498957		0.396458402		0.3908282		0.513647087		0.710920773		
	7.416814288	4.822660099	2.246305419	14.22254671			27.2732776		0.406026347		0.36445993		0.460757625		0.684639491		
	7.13420612	4.768472906	2.206896552	14.43661491			29.21360086		0.399481924		0.367231638		0.430154799		0.677929226		
	7.349547429	4.719211823	2.256157635	14.3928351			28.18591269		0.420176514		0.353107345		0.445838698		0.69027427		
	6.413671771	4.458128079	2.118226601	13.91774322			30.20166658		0.410876939		0.355805243		0.416082026		0.679175125		
	7.930197287	5.054187192	2.310344828	15.19844645			29.12825069		0.395267826		0.372575251		0.431415218		0.679134611		
	8.025200806	5.0591133	2.305418719	14.22901818			25.22864702		0.399224527		0.373913043		0.498099268		0.688068518		
	8.620895921	5.251231527	2.399014778	16.47259327			31.47542106		0.398052345		0.372826787		0.399243924		0.684318549		
	7.960821665	5.049261084	2.369458128	15.75548197			31.18210942		0.397568858		0.36122178		0.402999375		0.665397292		get rid of  weird ones
	7.782401902	4.768472906	2.379310345	14.95770725			28.74858033		0.435777833		0.33425224		0.437112736		0.685935441		 do ancova
	7.448579194	4.837438424	2.216748768	14.17439596			26.97339929		0.405277654		0.37150838		0.465880124		0.694610772		
	9.25261472	5.339901478	2.482758621	15.87857462			27.24950076		0.413150334		0.365239295		0.461159664		0.697905684		
	7.058615836	4.591133005	2.285714286	14.40577804			29.40044418		0.426373217		0.335243553		0.427421114		0.672632316		
	7.639678226	5.078817734	2.216748768	15.17524114			30.14367058		0.377102951		0.392302498		0.416882562		0.678572044		
	6.671892062	4.24137931	2.325123153	13.1562017			25.94251249		0.472220572		0.291822956		0.484392968		0.67654383		
	7.565483268	4.679802956	2.320197044	14.64639711			28.35469205		0.439836897		0.337086559		0.443184874		0.696761649		
	7.526110801	4.842364532	2.21182266	15.02716787			30.00431168		0.408663421		0.372905028		0.418818827		0.702688466		
	7.890776287	5.009852217	2.310344828	15.76756942			31.50719732		0.400294865		0.368775236		0.398841271		0.681738799		
	8.02692373	5.068965517	2.374384236	15.38143752			29.47438248		0.397759519		0.362011913		0.426348902		0.666927767		
	6.916244024	4.571428571	2.216748768	13.01835561			24.50428039		0.421382553		0.346879536		0.512823491		0.682498803		
	7.467288699	4.812807882	2.325123153	14.4763138			28.06422379		0.410464885		0.348516218		0.447771893		0.667295899		
	7.968186561	5.128078818	2.201970443	15.50815117			30.18287171		0.385798229		0.399193548		0.41634112		0.705656452		
	6.069135383	4.221674877	2.088669951	12.59252482			26.12755711		0.433578138		0.338017174		0.480962325		0.688291209		
	8.37432357	4.97044335	2.399014778	17.4572349			36.391602		0.431588237		0.348930481		0.34530963		0.702298411		
	9.373474241	5.389162562	2.507389163	17.13001122			31.30507183		0.410930277		0.364940736		0.401416444		0.693677426		
	8.303817127	5.177339901	2.399014778	15.97400606			30.72910515		0.394434177		0.366710013		0.408940337		0.668556591		
	7.888689364	4.926108374	2.21182266	14.81021402			27.80467443		0.413911077		0.38026225		0.451951727		0.724020045		
	11.85186488	5.990147783	3.024630542	22.62128781			43.17655215		0.420553969		0.328961749		0.291046181		0.65414921		
	11.96651217	5.950738916	3.02955665	26.8851328			60.40276026		0.430264894		0.325287987		0.208042986		0.663769989		
	9.231745492	4.97044335	2.600985222	17.34843579			32.60144298		0.475777265		0.3129473		0.38545443		0.714086479		
	0.000169866	0.014778325	0.014778325	0.047570711			13.32211914		0.990297424		0		0.943271148		0.777777778		
	12.21014827	6.078817734	3.118226601	23.02514375			43.41939452		0.420719666		0.321906802		0.289418375		0.644160579		
	9.811740154	5.581280788	2.566502463	18.1121276			33.43435119		0.401040666		0.370012092		0.375852085		0.684968312		
	4.278579922	3.399014778	1.812807882	10.81183403			27.32115729		0.471523847		0.304347826		0.459950158		0.694376181		
	4.47890024	3.615763547	1.842364532	10.7176828			25.64663612		0.436195784		0.324909747		0.489981242		0.67235061		
	8.463745784	4.729064039	2.581280788	14.74775516			25.69740254		0.481861623		0.293800539		0.489013261		0.693349435		
	4.57954573	3.532019704	1.886699507	11.22274148			27.5027118		0.46739739		0.303636364		0.456913875		0.687221197		
	4.492974836	3.596059113	1.802955665	11.10868075			27.46571982		0.442374883		0.332116788		0.457529265		0.692982259		
	4.725193526	3.881773399	1.862068966	11.6277927			28.61376202		0.399272464		0.351629503		0.439172263		0.65372284		
	4.777475794	3.778325123	1.876847291	11.96577385			29.9697476		0.426098457		0.336236934		0.41930185		0.673705715		
	4.201108981	3.482758621	1.75862069	11.07326786			29.18687937		0.440988551		0.328947368		0.430548619		0.685911989		
	23.51548205	8.428571429	3.990147783	28.09849052			33.57469635		0.421459707		0.357397858		0.374280991		0.699215317		
	26.89014536	8.822660099	4.39408867	26.02627896			25.19016493		0.439849571		0.33507268		0.498860196		0.693625076		
	44.15005217	11.39408867	5.610837438	36.07474639			29.47646181		0.432994271		0.3400927		0.426318827		0.690595812		
	53.84375986	13.4679803	5.916256158	41.26041375			31.61780952		0.377955398		0.389580686		0.397445959		0.675749817		
	38.93912738	11.01970443	5.133004926	33.35167329			28.56597429		0.408278435		0.364440378		0.43990695		0.688405906		
	43.70933534	11.7044335	5.21182266	35.01072155			28.04322267		0.406240786		0.383808969		0.448107222		0.716529663		
	27.85044529	9.054187192	4.285714286	28.36260492			28.88418298		0.432556979		0.35745938		0.435060622		0.71772729		
	27.89985197	9.147783251	4.477832512	27.17893856			26.47665306		0.424502533		0.342733189		0.474620813		0.681111461		
	25.86509015	8.650246305	4.256157635	27.74987203			29.77199744		0.440116011		0.340458015		0.422086917		0.702534762		
	21.39283894	7.852216749	3.704433498	23.1646596			25.08322789		0.441767723		0.358908781		0.500986981		0.735452011		
	33.39941518	9.458128079	4.852216749	27.21418156			22.1743906		0.475377475		0.321858864		0.56670647		0.727768877		
	39.73534907	10.7044335	5.369458128	35.80230025			32.25854895		0.44152955		0.331903157		0.389551639		0.69132599		
	29.25341552	9.472906404	4.359605911	28.26664319			27.31315654		0.415068911		0.36965812		0.46008489		0.708347068		
	43.58961635	11.21674877	5.704433498	36.35188867			30.3159312		0.441122469		0.325764192		0.414513759		0.681245321		
	36.33842122	10.17241379	5.014778325	29.84226855			24.50742113		0.44712416		0.339604282		0.51275777		0.712344863		
	28.45168531	9.438423645	4.290640394	28.38577505			28.32001747		0.406648506		0.374955149		0.443727502		0.702564842		
	29.18079788	9.674876847	4.315270936	27.58156404			26.06997512		0.396932254		0.383098592		0.482024649		0.69894604		
	35.77821592	10.5270936	4.807881773	33.93131347			32.17974971		0.411066259		0.372952136		0.390505542		0.706897453		
	29.64189861	9.487684729	4.556650246	27.95400307			26.36222118		0.419271794		0.351104875		0.476681025		0.685646207		
	29.83155379	9.399014778	4.497536946	27.59730768			25.53039633		0.429953341		0.352711804		0.492212124		0.705697863		
	41.22097115	11.78325123	5.113300493	33.63764241			27.4494015		0.378005452		0.394752187		0.457801261		0.684150685		
	37.79233905	10.18226601	5.137931034	31.28968892			25.90590202		0.464114368		0.32926045		0.485077516		0.722388898		
	31.66321677	9.591133005	4.591133005	28.54324062			25.73069537		0.438253432		0.35255297		0.488380529		0.719060192		
	30.95948701	9.596059113	4.615763547	27.87848113			25.10408878		0.428073206		0.350433276		0.500570673		0.698967992		
	32.7491082	10.14285714	4.492610837	29.35202765			26.30732787		0.40531155		0.386065298		0.477675676		0.71868796		
	35.62647723	10.38423645	5.157635468	36.91870604			38.25780604		0.420662562		0.336291601		0.328465532		0.665192997		
	30.80926497	9.497536946	4.507389163	27.71953026			24.93965237		0.434880038		0.356313753		0.503871122		0.719689704		
	34.50401611	9.906403941	5.044334975	29.82331405			25.77758073		0.447659393		0.325205931		0.487492242		0.690477763		
	31.0264748	9.669950739	4.586206897	28.31305381			25.83693512		0.422468205		0.356599862		0.486372341		0.699607617		
	34.6585212	10.36945813	4.891625616	31.73278384			29.05402583		0.410400634		0.358941252		0.432517362		0.68328322		
	45.99523162	11.50246305	5.78817734	35.24143864			27.00190767		0.442630397		0.33048433		0.465388252		0.69084423		
	46.98025917	12.2364532	5.512315271	35.89192521			27.42067239		0.399497825		0.378850958		0.458280907		0.696507514		
	44.05689291	11.98029557	5.39408867	34.3445969			26.77336639		0.390830923		0.379075702		0.469360873		0.681754874		
	47.63655997	12.13793103	5.748768473	37.35701986			29.29571181		0.411681337		0.357201873		0.428949148		0.682685861		
	40.34703584	10.44827586	5.477832512	33.42475492			27.69011943		0.470578945		0.31209403		0.453821467		0.704949901		
	44.20711495	11.69458128	5.536945813	34.33792035			26.67201366		0.411559791		0.357347055		0.471144428		0.682711507		
	35.61408916	10.31034483	4.950738916	30.05783662			25.3684304		0.426565355		0.351194319		0.495354676		0.697715912		
	44.32890873	11.84236453	5.290640394	33.4936003			25.30676467		0.402457762		0.38240368		0.496561721		0.707522689		
	43.7703293	11.62068966	5.448275862	36.47518639			30.39591531		0.412692073		0.361616162		0.413423004		0.691335442		
	38.88957509	10.49261084	5.295566502	32.84471916			27.73945394		0.449755192		0.329173167		0.453014347		0.699901954		
	40.8284234	11.04926108	5.42364532	31.86444848			24.86853501		0.425800588		0.341507177		0.505312058		0.681299536		
	41.70485816	10.91625616	5.561576355	33.26843485			26.53860501		0.445604257		0.324962631		0.473512855		0.686934022		
	44.81806159	11.97044335	5.512315271	36.80673126			30.22744442		0.398238017		0.369399831		0.415727193		0.679217371		
	38.72480526	10.71921182	5.369458128	32.75662926			27.70825452		0.42911496		0.33251684		0.45352444		0.672815409		
	40.86905773	10.92118227	5.591133005	33.88278774			28.09077011		0.436280129		0.322792363		0.44734874		0.669306659		
	41.92167973	11.07881773	5.561576355	34.01976377			27.60729852		0.434872514		0.331557134		0.455182915		0.680373444		
	38.20995414	10.45812808	5.108374384	31.97336772			26.75471003		0.444814281		0.343670886		0.469688163		0.715220315		
	42.49335097	11.05418719	5.45320197	33.02193893			25.66162532		0.442769268		0.339301701		0.489695039		0.704924464		
	37.24471596	10.82758621	5.004926108	34.86833463			32.64357717		0.404493442		0.367766024		0.38495691		0.687282596		
	44.26808464	11.97044335	5.438423645	36.62980151			30.30947396		0.393351109		0.375212224		0.414602069		0.679997726		
	40.25800189	11.30541872	5.108374384	34.05307613			28.8045094		0.401041237		0.37755102		0.436264004		0.697080358		
	38.29610037	10.55172414	5.137931034	31.97254741			26.69315618		0.437943227		0.345054945		0.470771254		0.706387253		
	43.67027834	11.41871921	5.448275862	33.54591692			25.76875132		0.426443296		0.353971963		0.487659276		0.701955332		
	41.62671989	10.61083744	5.458128079	31.76930705			24.24617826		0.470742042		0.32066217		0.51828253		0.718751571		
	28.60008736	9	4.561576355	26.25650095			24.10495582		0.449564966		0.327279332		0.521318965		0.696642397		
	31.51492392	9.522167488	4.600985222	28.69196431			26.12187223		0.44254226		0.348447855		0.481066996		0.719332378		
	35.7041059	10.3546798	4.901477833	30.99530312			26.90751641		0.423989336		0.357442686		0.467020829		0.703484358		
	45.20303817	10.93103448	5.852216749	34.03086102			25.61994831		0.48167623		0.302612269		0.490491646		0.706620054		
	21.86984639	7.78817734	4.034482759	24.59436197			27.65829398		0.459075575		0.3175		0.454343664		0.696020509		
	28.06459754	9.02955665	4.172413793	26.9945969			25.96539149		0.438264288		0.367910448		0.483966152		0.744912083		
	24.82296343	8.876847291	3.921182266	26.75170742			28.83031479		0.401094077		0.387220939		0.435873514		0.713145012		
	11.31985731	5.384236453	2.985221675	15.75655712			21.93217505		0.497167606		0.2866392		0.572965088		0.704271708		
	10.86223883	5.275862069	2.906403941	15.05610929			20.86921771		0.496869799		0.289584588		0.602148619		0.708385953		
	40.17731563	11.08374384	5.290640394	34.37819928			29.41611622		0.416407051		0.353790614		0.427193397		0.685150838		
	29.85539567	9.916256158	4.300492611	29.67248983			29.49070456		0.386578304		0.395010395		0.426112933		0.700094859		
	31.34232813	9.615763547	4.866995074	28.65614127			26.20017342		0.431592432		0.327891156		0.479629292		0.669709672		
	34.01571259	10.45320197	4.600985222	29.74212034			26.0054444		0.396361085		0.388743455		0.48322076		0.707260483		
	33.93634886	10.28078818	4.733990148	31.25584627			28.78706635		0.408810848		0.369422572		0.436528351		0.697286657		
	32.60275668	9.945812808	4.862068966	30.05061521			27.6982552		0.419646765		0.343313373		0.453688166		0.674206487		
	32.51908564	9.655172414	4.694581281	27.78412483			23.73860082		0.444148682		0.345691727		0.529364418		0.717433133		
	37.12494843	9.980295567	5.147783251	29.22802975			23.01087973		0.474557861		0.319439922		0.546105615		0.722607065		
	39.6254095	11.00492611	5.192118227	31.71473459			25.3833185		0.416590748		0.358880779		0.495064135		0.693492965		
	36.23599214	10.63054187	5.049261084	34.05551644			32.00624935		0.408262481		0.355953503		0.392622406		0.675082619		
	38.38922323	10.90640394	5.098522167	34.06528371			30.22836767		0.41091906		0.362880886		0.415714495		0.690372421		
	30.03698221	9.896551724	4.374384236	28.49389459			27.0300799		0.390479841		0.386952019		0.464903199		0.693833829		
	40.33054673	11.02955665	5.325123153	33.32817796			27.54159158		0.422112406		0.348795181		0.456268861		0.68666735		
	49.33863962	12.18719212	5.916256158	36.26226371			26.65156112		0.422950921		0.346394558		0.471505986		0.68428425		
	37.50114053	10.72906404	5.201970443	33.25093047			29.48242004		0.414792524		0.346938776		0.42623267		0.671915653		
	31.2564003	9.571428571	4.773399015	28.48049174			25.95111407		0.434405738		0.334478022		0.484232414		0.68412342		
	34.14376714	10.03448276	4.812807882	31.30135164			28.69556281		0.431749231		0.351692104		0.43792034		0.706997567		
	42.73085976	11.12807882	5.45320197	32.82200895			25.21091964		0.439350742		0.342245989		0.498449513		0.704157574		
	36.33178432	10.09852217	4.995073892	31.38717113			27.11550038		0.453608516		0.338120104		0.46343864		0.72025617		
	34.53277197	9.871921182	4.990147783	31.80075916			29.28488578		0.451167909		0.328471992		0.429107722		0.700997314		
	27.00223252	9.157635468	4.285714286	26.46018665			25.92902187		0.409961513		0.362403811		0.484644993		0.688007395		
	35.53457982	10.40394089	5.098522167	31.42706052			27.7943383		0.417989672		0.342230696		0.452119798		0.669898487		
	39.40418355	11.04433498	5.137931034	34.92917349			30.96237634		0.411313829		0.36499239		0.405859372		0.694407643		
	34.25220219	9.75862069	5.054187192	30.91340923			27.90007092		0.457953879		0.317592285		0.450406404		0.694462403		
	37.54884855	11.08374384	5.02955665	34.50723311			31.71200138		0.389165007		0.375726078		0.396265454		0.673566438		
	38.4009561	10.58128079	5.270935961	33.21708782			28.73300655		0.436692444		0.334990677		0.437349659		0.688519205		
	26.27500061	8.650246305	4.305418719	24.76890117			23.34913229		0.447090978		0.335361217		0.53819433		0.705503002		
	36.62949841	10.45812808	5.133004926	30.53272342			25.4507225		0.426415692		0.341548183		0.493753001		0.682347075		
	41.19777233	11.22660099	5.413793103	32.8818928			26.24459559		0.416185818		0.349319124		0.478817461		0.67783469		
	38.0452935	10.73399015	5.0591133	31.16977194			25.53679032		0.420425135		0.359326263		0.492088883		0.700592269		
	31.12164818	10.09359606	4.625615764	29.09226962			27.19522264		0.388938439		0.371485944		0.462080079		0.666572073		
	43.45886821	11.87684729	5.349753695	33.81641785			26.31338927		0.392270985		0.378896197		0.477565641		0.683980077		
	37.29403771	10.08374384	5.344827586	33.1295282			29.43005654		0.466988209		0.30715198		0.426991046		0.691964637		
	39.03043025	10.91625616	5.103448276	34.84569479			31.10963516		0.417028774		0.362853629		0.403938219		0.700593176		
	44.341952	11.57635468	5.566502463	34.5123746			26.86178544		0.421290123		0.350574713		0.46781591		0.688114291		
	42.37435997	11.17241379	5.625615764	35.73099394			30.12916134		0.432234318		0.330205279		0.417083319		0.674195848		
	37.38867723	10.30541872	5.034482759	30.56537079			24.98729457		0.448248593		0.343609505		0.502910412		0.720642051		
	36.76702905	10.69950739	4.975369458	34.17302829			31.76204042		0.408922579		0.365179133		0.395641163		0.690668134		
	47.35059089	12.03940887	5.660098522	36.83616778			28.65652215		0.415934739		0.360423045		0.438516947		0.694858298		
	42.38896843	11.48768473	5.300492611	33.29578542			26.1532509		0.40897612		0.368544601		0.480489812		0.69615205		
	33.80554005	9.852216749	4.866995074	28.53956985			24.09389249		0.443435115		0.338688086		0.521558342		0.705006326		
	41.16927128	10.80295567	5.551724138	37.3694677			33.92037491		0.449156936		0.321084337		0.370466737		0.686440198		
	31.23129656	9.704433498	4.640394089	29.53080309			27.92289872		0.422240373		0.353021978		0.450038183		0.693529535		
	38.46476498	10.62068966	5.236453202	32.77068253			27.91951631		0.434177951		0.339546443		0.450092705		0.691628909		
	29.7031959	9.502463054	4.620689655	29.06037218			28.43146016		0.418833025		0.345657482		0.441988225		0.676488144		
	34.80222767	10.33497537	4.896551724	30.44726432			26.63725763		0.414856855		0.357050453		0.471759172		0.687713027		
	39.17299619	10.94581281	4.965517241	31.83316627			25.86859758		0.416294694		0.375851393		0.485777034		0.720732788		
	44.85982431	11.19211823	5.650246305	34.31492012			26.24873728		0.45597718		0.32904358		0.47874191		0.7093783		
	40.44466015	10.99014778	5.24137931	33.52682772			27.79225176		0.426348014		0.354172989		0.452153741		0.70212117		
	49.17860176	11.97044335	5.778325123	37.23500236			28.19204595		0.43698429		0.348875937		0.445741704		0.710990777		
	25.88561965	9.177339901	4.147783251	26.49525976			27.11925769		0.391322708		0.377449168		0.463374431		0.680026277		
	13.99018418	6.073891626	3.285714286	18.23410991			23.76543153		0.482835811		0.297894737		0.528766776		0.701013848		
	14.43052489	6.295566502	3.157635468	17.99840665			22.44843097		0.463577784		0.331943721		0.559788371		0.725914248		
	39.92076973	11.02463054	5.147783251	32.05638651			25.74128512		0.418197023		0.363387146		0.488179613		0.703419834		
	39.28498629	10.3546798	5.305418719	32.49705569			26.88199051		0.466512599		0.322428437		0.46746429		0.715105744		
	37.60754932	10.37438424	5.147783251	33.32100631			29.52304741		0.444898042		0.336718502		0.425646121		0.704194214		
	42.40241209	11.2364532	5.285714286	38.71645588			35.35091241		0.427604421		0.360166965		0.355475142		0.713933287		
	41.18027615	11.78817734	5.034482759	34.97633404			29.70703593		0.377316721		0.401464129		0.423009911		0.693885378		
	41.09314713	10.83251232	5.384236453	33.37808946			27.11149994		0.44588323		0.335965978		0.463507023		0.704556925		
	37.44212429	10.58128079	5.162561576	31.47502077			26.45888692		0.42578869		0.344180225		0.474939503		0.685420354		
	43.55665025	11.18226601	5.512315271	36.12177224			29.95598656		0.443511569		0.339628209		0.419494467		0.706627614		
	35.12965614	10.85714286	4.684729064	32.3662963			29.82030715		0.379448563		0.397147385		0.421403125		0.690675209		
	30.38858016	9.42364532	4.679802956	27.53752939			24.95396366		0.435695088		0.336360461		0.503582148		0.6890709		
	37.24793128	11.00985222	5.118226601	34.75946514			32.43724888		0.391245447		0.365302382		0.387405561		0.660999541		
	40.6048072	10.86206897	5.334975369	31.12022084			23.85107114		0.438189997		0.341240876		0.526868187		0.700700582		
	41.59661724	11.28571429	5.261083744	32.96373088			26.12249807		0.415824458		0.364096457		0.481055471		0.700573568		
	28.05405373	9.0591133	4.349753695	26.92933734			25.84971201		0.435245571		0.351212344		0.486131939		0.711943071		
	11.87166638	5.881773399	2.832512315	16.74804519			23.6274343		0.436923319		0.349915206		0.531855065		0.712576651		
	40.68065228	10.77339901	5.413793103	32.89372541			26.59734076		0.446264701		0.331101643		0.472467181		0.69748281		
	36.32723434	10.08866995	5.285714286	31.62522976			27.53182771		0.454437985		0.312399872		0.456430672		0.681231524		
	42.38780364	11.74876847	5.266009852	35.17600919			29.19121814		0.390990623		0.381007528		0.430484626		0.685120403		
	37.77825232	10.30049261	5.137931034	32.00777584			27.11871649		0.453352476		0.334396937		0.463383679		0.713831317		
	37.98575554	10.92610837	5.295566502	33.24461431			29.09523228		0.405135108		0.347099909		0.431904805		0.656512257		
	35.3744813	10.57142857	4.798029557	31.58773091			28.20634275		0.403025792		0.375641026		0.445515774		0.697418529		
	30.57281176	9.103448276	4.709359606	27.69195401			25.08255775		0.46971415		0.318116976		0.501000366		0.713128181		
	29.99592322	9.320197044	4.566502463	27.20540449			24.67448752		0.439665272		0.342319972		0.509285982		0.704779792		
	33.61404062	9.714285714	4.866995074	30.25009985			27.22280703		0.45353321		0.332432432		0.461611861		0.710966178		
	32.4662695	9.655172414	4.566502463	29.76247519			27.28385315		0.443427314		0.357810876		0.46057903		0.736357407		
	33.06766726	9.901477833	4.837438424	30.42426409			27.99217247		0.42945102		0.343582888		0.448924449		0.690379822		
	37.25144993	10.23152709	5.137931034	32.94617674			29.1384782		0.453077382		0.331410256		0.431263792		0.708621708		
	35.59952923	10.68472906	4.931034483	33.27649114			31.1050423		0.397033677		0.368454259		0.403997863		0.675682547		
	30.91933801	9.916256158	4.507389163	28.64609855			26.53999131		0.400354608		0.375		0.473488121		0.691763103		
	37.01955883	10.3546798	5.044334975	36.04428448			35.09470358		0.439610453		0.344849648		0.358070288		0.708746042		
	30.97502973	9.261083744	4.881773399	27.40413919			24.24491119		0.45983098		0.309648206		0.518309616		0.685128926		
	33.80114781	10.04926108	5	30.15359327			26.89965418		0.426160612		0.335515548		0.46715733		0.672709118		
	33.04748963	10.27093596	4.798029557	33.30319733			33.56088359		0.398867408		0.363190585		0.374435035		0.670603066		
	42.15568201	11.1182266	5.226600985	31.71852549			23.86546276		0.434205376		0.360458107		0.526550469		0.72543959		
	31.49054818	10.32019704	4.433497537	31.21008606			30.93212181		0.376456119		0.398998331		0.406256341		0.688249271		
	39.27898032	11.14778325	5.128078818	34.88745902			30.98692447		0.402432727		0.369854722		0.405537846		0.687095331		
	43.25454391	11.28571429	5.591133005	34.36954234			27.30962655		0.432398076		0.337419731		0.460144359		0.685492744		
	33.14083089	10.5320197	4.561576355	32.39448779			31.66495259		0.380408476		0.395561358		0.396854237		0.689821587		
	25.9083938	8.517241379	4.270935961	25.62484875			25.34440687		0.454729048		0.332049307		0.495824214		0.712227068		
	24.14209275	8.472906404	4.118226601	24.2526045			24.36362212		0.428173924		0.345852895		0.51578417		0.691882372		
	25.73604067	8.738916256	4.21182266	26.62770952			27.55027175		0.429078445		0.349562571		0.456125106		0.699220383		
	23.01730205	8.201970443	3.921182266	23.81663147			24.64371946		0.435640387		0.353108492		0.509921834		0.715680505		
	24.40350409	8.719211823	3.945812808	25.33172256			26.29524701		0.408703026		0.376896149		0.477895135		0.709313923		
	24.07722828	8.334975369	4.093596059	25.4032837			26.80237175		0.441273622		0.341260404		0.468852933		0.705662735		
	27.21018467	9.02955665	4.133004926	25.60650949			24.09734943		0.424921547		0.372005988		0.52148352		0.729120215		
	29.31818292	9.290640394	4.463054187	27.86381263			26.48158846		0.432469882		0.351002865		0.474532358		0.707064837		
	41.42955422	11.66502463	5.15270936	34.52181667			28.76583754		0.387658275		0.387229057		0.436850504		0.689269329		
	39.08811182	10.77339901	5.315270936	33.18777143			28.1780859		0.428794613		0.339252909		0.445962535		0.682600403		
	45.09042928	11.85221675	5.45320197	34.95222348			27.09350844		0.40869123		0.369769428		0.463814815		0.697642937		
	26.66159091	8.778325123	4.192118227	25.98036344			25.31654193		0.440527329		0.353589062		0.496369949		0.724504148		
	31.12994734	9.950738916	4.615763547	29.81404188			28.55376154		0.400292858		0.366249577		0.440095103		0.677765567		
	35.98502754	10.94581281	4.768472906	31.52523687			27.61816865		0.382415886		0.393103448		0.455003761		0.689436867		
	29.30409619	9.408866995	4.512315271	28.23345096			27.20192248		0.421467209		0.3517339		0.461966268		0.6902264		
	28.38333859	9.39408867	4.36453202	28.17512278			27.96843441		0.409509788		0.365556749		0.449305472		0.69226303		
	47.95170958	12.54679803	5.443349754	35.85832282			26.81487953		0.387836251		0.394852136		0.468634237		0.70210966		
	47.95170958	12.54679803	5.443349754	35.85832282			26.81487953		0.387836251		0.394852136		0.468634237		0.70210966		
	0.000194132	0.009852217	0.024630542	0.057422927			16.98528137		2.546479089		-0.428571429		0.739838825		0.8		
	2765.063845	11.15763547	5.522167488	2889.630727			3019.809381		28.27944913		0.337861784		0.004161313		44.87695904		
	45.44057123	11.7044335	5.689655172	39.11707182			33.67354912		0.422331139		0.345794393		0.373182244		0.68235038		
	25.22663739	8.866995074	4.177339901	26.99854312			28.89490658		0.408523034		0.359516616		0.43489916		0.681056407		
	30.8884467	9.660098522	4.502463054	29.2699493			27.73625817		0.421447106		0.364173913		0.453066543		0.710173325		
	47.02901065	12.591133	5.374384236	36.16838794			27.81585808		0.377699438		0.401700027		0.451770015		0.694980019		
	3090.18303	9.295566502	4.773399015	2840.717688			2611.391268		45.53471235		0.321428571		0.004812136		69.64350209		
	50.57197457	11.96551724	6.167487685	39.05882858			30.16674953		0.449735402		0.319750068		0.416563627		0.685283291		
	39.4675435	11.19704433	5.162561576	32.91149921			27.44449449		0.400814495		0.3688648		0.457883115		0.68276532		
	47.90851513	12.06403941	5.733990148	36.90883925			28.43466158		0.419118986		0.355660116		0.441938462		0.692568957		
	0.000169866	0.014778325	0.014778325	0.047570711			13.32211914		0.990297424		0		0.943271148		0.777777778		
	35.27529181	9.349753695	4.990147783	28.96690655			23.78666858		0.513783784		0.304019237		0.528294686		0.75606135		
	48.62068966	11.53694581	5.916256158	43.87381767			39.59038612		0.465103414		0.322043466		0.31740965		0.712333374		
	3238.478075	10.36453202	4.995073892	2867.515231			2539.045629		38.38412851		0.349583066		0.00494925		62.55317335		
	40.0863161	10.98029557	5.275862069	33.5295289			28.04521388		0.423329179		0.350909091		0.448075407		0.691972258		
	46.2575287	10.89655172	5.798029557	35.02451998			26.51929393		0.496037347		0.305399823		0.473857662		0.732171664		
	56.02597734	12.71428571	6.487684729	41.02666173			30.04297387		0.441281404		0.324268856		0.41827985		0.679215734		
	2913.106081	11.03448276	5.325123153	2892.91314			2872.860172		30.46228364		0.348991268		0.004374167		49.57636303		
	39.38352059	10.67487685	5.507389163	33.03956345			27.71750054		0.440046841		0.319330289		0.453373153		0.669893706		
	30.28669708	9.197044335	4.610837438	27.91119888			25.72201983		0.455895675		0.332144131		0.48854525		0.71420654		
	32.58038293	10.27093596	4.669950739	32.39773383			32.21610868		0.393229653		0.37487636		0.390064819		0.679256595		
	49.66137252	11.96059113	6.004926108	35.90708881			25.9622109		0.442001301		0.331505347		0.484025442		0.691446219		
	51.1836128	12.35960591	5.980295567	36.88023761			26.57397264		0.426610764		0.347837765		0.47288265		0.692474308		
	34.80000728	10.27093596	4.729064039	31.69686127			28.87042541		0.420019458		0.369458128		0.435267941		0.716463579		
	0.000169866	0.014778325	0.014778325	0.047570711			13.32211914		0.990297424		0		0.943271148		0.777777778		
	2098.337645	7.0591133	3.354679803	2852.748931			3878.392252		53.61486116		0.355723746		0.003240098		88.60824718		
	0.000582397	0.0591133	0.019704433	0.134550288			31.08494467		0.212206591		0.5		0.404259063		0.5		
	37.45756995	10.48275862	4.985221675	30.16043971			24.28486751		0.434008811		0.355414013		0.517456832		0.716769536		
	44.66046252	11.83743842	5.532019704	37.35593014			31.24610535		0.405805444		0.363017584		0.402173982		0.681995902		
	41.80951977	11.03448276	5.561576355	33.15534974			26.29251		0.437201192		0.329771446		0.477944883		0.681279459		
	44.60373947	11.5862069	5.586206897	35.03799321			27.52372296		0.423056946		0.34939759		0.456565074		0.689148753		
	48.65318256	12.33497537	5.75862069	37.8713859			29.47889109		0.407140963		0.363463109		0.426283695		0.684943099		
	39.21946662	11.16256158	5.330049261	33.6074062			28.79839653		0.400759722		0.353643967		0.436356608		0.659183902		
	33.46969109	10.28571429	4.812807882	29.79036208			26.51550235		0.402803198		0.362479608		0.473925421		0.676112121		
	39.65668907	11.09359606	5.280788177	33.43954355			28.19708601		0.410281443		0.354993983		0.445662031		0.676932486		
	45.58492077	11.75862069	5.566502463	36.87479152			29.82894841		0.419776924		0.357406881		0.421281047		0.696437933		
	35.96719163	9.911330049	4.990147783	31.28216292			27.20739853		0.466179069		0.330247934		0.461873288		0.727212245		
	38.47832998	10.43842365	5.088669951	31.67761675			26.07887098		0.449631258		0.344543147		0.481860224		0.724397616		
	45.07812614	11.41871921	5.684729064	36.858213			30.13718586		0.440191027		0.335253456		0.416972264		0.694446334		
	38.39390667	10.34482759	5.359605911	32.20130472			27.0075154		0.456799805		0.317440402		0.465291621		0.692478335		
	29.03193477	9.330049261	4.54679803	26.98860596			25.08909094		0.424637383		0.344692936		0.500869906		0.684362776		
	1705.770256	5.527093596	3.054187192	2859.855312			4794.767864		71.09466595		0.288174512		0.002620851		101.0480802		
	11.11499915	5.251231527	3.034482759	16.46149602			24.37974556		0.513212492		0.267538644		0.515443058		0.697531127		
	11.60488	5.39408867	3.098522167	16.41074964			23.2068495		0.507825623		0.270301624		0.541494037		0.694333253		
	11.51721711	5.256157635	3	17.03391479			25.19308702		0.530787772		0.27326969		0.498802334		0.730395212		
	11.51772671	5.251231527	3	17.04994845			25.23942003		0.531807618		0.272835821		0.497886663		0.731112734		
	36.61943993	10.4679803	5.21182266	32.99351322			29.72661288		0.425496531		0.335218347		0.42273133		0.671211164		
	51.94917372	12.66995074	6.36453202	48.09004219			44.51759271		0.412039556		0.33126294		0.282278754		0.644224508		
	43.05603145	11.25615764	5.472906404	34.4765018			27.60656606		0.432676974		0.345700824		0.455194992		0.698917332		
	40.47592759	10.75862069	5.753694581	39.76060639			39.05792689		0.445239552		0.303102625		0.321736754		0.653873007		
	36.3225145	10.23152709	5.172413793	33.18647664			30.32120013		0.44177904		0.328429805		0.414441729		0.686344545		
	8.934334733	0.02955665	0.014778325	2919.057728			953724.9585		13021.52693		0.333333333		1.31761E-05		20454.16667		
	46.10383654	11.3546798	5.926108374	36.5086395			28.91040873		0.455299739		0.314139111		0.434665962		0.685160923		
	34.44046203	10.11330049	4.916256158	44.96666379			58.71003851		0.428739271		0.345788266		0.21404126		0.692694205		
	48.8689728	12.05418719	5.97044335	37.9779352			29.51409616		0.428220512		0.337523914		0.425775214		0.679029586		
	42.61322769	10.83251232	5.571428571	35.13675564			28.97202732		0.46237694		0.320720721		0.433741501		0.706071484		
	47.89702492	11.8817734	5.876847291	37.78951262			29.8149471		0.431972526		0.33814147		0.421478883		0.685934848		
	33.89346987	9.719211823	4.990147783	31.41601303			29.11964689		0.45683993		0.321500335		0.431542685		0.69883006		
	48.7231066	12.15270936	6.054187192	39.88274402			32.64638447		0.420047947		0.33495671		0.384923808		0.662225675		
	39.35619646	11.18719212	5.034482759	35.21504309			31.5096318		0.400387994		0.379289402		0.398810456		0.698774689		
	3715.480126	13.24137931	6.344827586	2872.253639			2220.397011		26.98103518		0.352112676		0.005659515		44.22439405		
	0.000145599	0.009852217	0.019704433	0.047570711			15.54247233		1.909859317		-0.333333333		0.808518127		0.75		
	2537.598534	10.20197044	5.142857143	2883.102795			3275.648853		31.04308767		0.329695024		0.0038363		48.36535647		
	37.27349608	10.4679803	4.995073892	32.18165005			27.78538932		0.433096282		0.353934374		0.452265414		0.712845342		
	8.934310466	0.019704433	0.019704433	2919.053648			953724.8823		29298.35601		0		1.31761E-05		23010.875		
	0.000145599	0.019704433	0.009852217	0.047570711			15.54247233		0.477464829		0.333333333		0.808518127		0.75		
	46.20050232	11.42364532	5.857142857	37.4431148			30.34570568		0.450762101		0.322120867		0.414107049		0.690488055		
	40.66967167	10.50738916	5.561576355	35.04779567			30.20304641		0.469019771		0.307786634		0.416063017		0.695949849		
	55.26473586	13.40394089	5.980295567	42.74065743			33.05478202		0.391645562		0.382973316		0.380168007		0.689434395		
	35.22171128	10.57142857	4.753694581	31.49549575			28.16348828		0.401285264		0.379620701		0.446193685		0.700882954		
	40.8479337	10.8817734	5.379310345	34.1822507			28.60429298		0.439218734		0.338382308		0.439317645		0.697820645		
	54.38091194	12.74876847	6.197044335	42.97453561			33.96064254		0.426010336		0.345813833		0.370027469		0.688325167		
	42.61092237	11.36453202	5.586206897	34.94565249			28.6592864		0.420076068		0.340889276		0.438474651		0.67120064		
	37.26944357	10.55665025	5.108374384	33.5835359			30.26216051		0.425805004		0.347798742		0.41525028		0.691105035		
	49.46773763	12.21182266	5.955665025	37.91400562			29.05877428		0.422348727		0.344360087		0.432446685		0.680160328		
	50.7227062	12.45320197	6.162561576	58.44940961			67.35313904		0.416438115		0.337920085		0.186574387		0.660937073		
	39.3754641	10.65024631	5.216748768	33.57554395			28.62993941		0.441994129		0.342440236		0.438924108		0.708706004		
	56.52562547	12.78325123	6.497536946	41.02304072			29.77215831		0.440425896		0.326009198		0.422084636		0.680542567		
	33.8282778	10	4.793103448	28.16250505			23.44567155		0.43071501		0.351981352		0.535978276		0.705769825		
	48.45212211	11.94581281	5.778325123	37.02949158			28.29975628		0.432306247		0.347971095		0.444045189		0.701932133		
	39.61736514	10.60591133	5.384236453	33.81529295			28.8629502		0.448435229		0.326555761		0.435380671		0.693766735		
	45.43420127	11.25615764	5.699507389	34.6989721			26.50027141		0.456575584		0.327716444		0.474197808		0.708199164		
	50.61175957	11.86206897	6	42.71736717			36.05433744		0.457973834		0.328185328		0.348539774		0.711114839		
	48.45143051	12.3546798	5.689655172	37.17532963			28.52351557		0.404160377		0.369369369		0.440561774		0.689269662		
	48.03465262	12.17241379	5.921182266	35.90869424			26.84383568		0.412773072		0.345494146		0.468128727		0.666452984		
	40.85930258	10.80295567	5.54679803	32.82067897			26.36356717		0.445775176		0.321482374		0.476656688		0.681876939		
	45.37875221	11.5320197	5.581280788	46.93449694			48.54357812		0.43446212		0.347725964		0.258867828		0.705039261		
	51.65672547	12.90640394	5.876847291	39.52768925			30.24655944		0.394844856		0.374246001		0.415464464		0.681047203		
	34.4537601	10.29064039	4.866995074	34.85892775			35.26886007		0.414249449		0.357816055		0.356302148		0.687912683		
	50.32352156	11.88669951	5.950738916	36.61235292			26.63693527		0.453480457		0.332781		0.471764882		0.711440926		
	48.35848965	12.2955665	5.773399015	45.03971023			41.94869427		0.407273132		0.360959651		0.299565239		0.68122819		
	42.90699847	11.09852217	5.54679803	37.91648111			33.50641134		0.443514625		0.33353063		0.375043764		0.696980501		
	35.66546143	9.768472906	5.172413793	29.39225682			24.22244733		0.475887846		0.307616222		0.518790296		0.705875177		
	36.03780728	10.24630542	5.187192118	37.10863453			38.21128033		0.437052776		0.32780083		0.328865469		0.678045328		
	47.53542915	12.07881773	5.600985222	36.78084538			28.45941671		0.414838143		0.366397325		0.441554047		0.702633034		
	53.15125337	12.74876847	6.068965517	38.85573751			28.40513142		0.416377411		0.354973822		0.442397904		0.686958665		
	50.35618433	12.22167488	5.896551724	38.72876902			29.7861637		0.429241279		0.349102773		0.421886173		0.698753467		
	37.50370065	10.62068966	5.009852217	30.77134752			25.24753055		0.423329764		0.358966278		0.497726722		0.704849652		
	39.27144556	11.09359606	5.384236453	33.99712393			29.43116605		0.406295778		0.346487294		0.426974949		0.657476774		
	33.7096508	9.768472906	4.886699507	31.05392132			28.60741675		0.449791268		0.333109244		0.439269673		0.706174357		
	42.9540513	10.96059113	5.773399015	37.98493696			33.59067171		0.455246164		0.309979394		0.374102987		0.678794915		
	37.98556141	10.70935961	5.103448276	32.10040658			27.12704681		0.42169812		0.354517134		0.46324138		0.695010443		
	34.18282414	9.60591133	4.901477833	29.17731856			24.90478595		0.471672887		0.324278438		0.504576536		0.726009535		
	44.98263729	11.64039409	5.581280788	37.49213562			31.2489511		0.422687754		0.351830664		0.402137357		0.692378157		
	53.48213982	12.32512315	6.197044335	39.03929404			28.49673712		0.448266577		0.330851064		0.440975771		0.70021741		
	3330.388422	12.0591133	5.45320197	2847.297762			2434.281986		29.15910942		0.37721519		0.005162249		50.64399178		
	39.60762212	10.92118227	5.068965517	32.00022922			25.85398001		0.422814213		0.365988909		0.486051688		0.715467281		
	45.45697542	11.48275862	5.729064039	37.37233877			30.72557496		0.438953163		0.33428735		0.408987322		0.690988188		
	53.35123395	13.32512315	6.162561576	40.91120065			31.37183931		0.382571069		0.367542973		0.400562125		0.649698651		
	42.32105851	11.45812808	5.482758621	34.30757858			27.81144871		0.410430187		0.352718814		0.451841641		0.673664594		
	47.6510835	12.25615764	5.694581281	37.66853508			29.77725648		0.403900344		0.365532382		0.422012371		0.682742041		
	41.1382465	10.72906404	5.512315271	32.49106474			25.66150427		0.455021816		0.321201092		0.489697349		0.695584491		
	34.41637749	10.12807882	4.975369458	29.8523756			25.89361211		0.427190052		0.341161122		0.485307749		0.682987489		
	51.4598874	12.13793103	6.054187192	37.35951596			27.12274557		0.444723029		0.334416464		0.463314843		0.700274514		
	49.44364095	12.50738916	5.773399015	38.29853209			29.66564623		0.402427116		0.368364322		0.423600097		0.684718729		
	14.29233905	6.733990148	3.142857143	21.0525295			31.0102494		0.401299368		0.363591022		0.405232814		0.675314684		
	14.43296367	6.586206897	3.187192118	19.16800516			25.45647798		0.42363799		0.347782258		0.493641368		0.687562064		
	15.89645466	6.881773399	3.374384236	23.74213492			35.46004329		0.427375535		0.341978866		0.354381141		0.684550314		
	13.12048339	6.561576355	3.098522167	20.66730285			32.55500537		0.388010591		0.358490566		0.386004256		0.645337707		
	14.44637094	6.78817734	3.236453202	21.26062133			31.28910515		0.399174253		0.354299754		0.401621285		0.657561308		
	15.15858186	6.84729064	3.231527094	20.71813418			28.31670454		0.411652889		0.358748778		0.443779416		0.685065362		
	14.21912689	6.536945813	3.123152709	20.01512591			28.17368945		0.42367543		0.353391127		0.446032126		0.696473866		
	14.31837705	6.487684729	3.270935961	21.98745014			33.76415929		0.433136157		0.329631499		0.372180764		0.674733101		
	13.36546628	6.118226601	3.15270936	18.49190816			25.58464181		0.454614326		0.319872476		0.491168518		0.692906476		
	15.69311315	6.921182266	3.270935961	21.58248387			29.68203984		0.417117732		0.358144031		0.423366139		0.693197166		
	16.38405445	7.088669951	3.320197044	21.24103703			27.53785122		0.415147082		0.362044487		0.456330834		0.696133876		
	11.28242617	5.871921182	2.684729064	18.00243781			28.72500668		0.416631578		0.37248129		0.43747146		0.715684841		
	13.60858065	6.231527094	3.147783251	18.61529083			25.46401138		0.44620453		0.328781513		0.493495327		0.693766817		
	13.763292	6.408866995	3.157635468	22.05510025			35.34237645		0.426648207		0.339855819		0.355560997		0.680109864		
	14.1321556	6.694581281	3.108374384	23.10792228			37.78447444		0.401487188		0.365829146		0.332580267		0.679128053		
	14.60606906	6.630541872	3.172413793	20.77815273			29.55837256		0.423004926		0.352763819		0.425137432		0.694375675		
	12.63145187	6.172413793	3.02955665	19.31249261			29.52727643		0.422136907		0.341541756		0.425585158		0.675490368		
	14.98638647	6.743842365	3.290640394	21.37567226			30.4889618		0.419558212		0.34413353		0.412161316		0.675319194		
	15.06086049	7.064039409	3.118226601	22.04405276			32.26510612		0.384285217		0.387518142		0.389472471		0.683736871		
	0.001019195	0.044334975	0.039408867	0.152564349			22.83751802		0.660198282		0.058823529		0.550251153		0.583333333		
	0.00919702	0.206896552	0.275862069	0.763521918			63.38637026		0.273558836		-0.142857143		0.198250358		0.161139456		
	13.29730156	6.42364532	3.0591133	21.69464915			35.39498594		0.410308515		0.354805195		0.355032508		0.67668477		
	13.39589653	6.645320197	3.044334975	20.6402217			31.80218292		0.386233624		0.371631927		0.395141763		0.662160752		
	16.82462569	7.128078818	3.477832512	21.25744566			26.85819015		0.42160965		0.344170924		0.467878533		0.678678755		
	14.71469825	6.625615764	3.162561576	21.02990424			30.05544965		0.426784842		0.353799698		0.418106226		0.702240906		
	15.56311728	6.9408867	3.369458128	22.03918672			31.21005531		0.411317132		0.346392738		0.402638524		0.665459411		
	0.000206266	0.019704433	0.014778325	0.05453728			14.41982853		0.676408508		0.142857143		0.871464636		0.708333333		
	13.44769347	6.84729064	2.990147783	20.62748383			31.64059996		0.365191277		0.392088132		0.397159682		0.656804902		
	14.69814846	6.960591133	3.103448276	23.3933963			37.23264817		0.38626068		0.383259912		0.33750945		0.680412047		
	0.000752263	0.039408867	0.039408867	0.132859915			23.46487919		0.616725404		0		0.53553954		0.484375		
	9.386080711	5.266009852	2.591133005	16.19338564			27.93772466		0.430954151		0.340438871		0.449799358		0.687880362		
	11.61514475	6.019704433	2.812807882	19.07586952			31.32882162		0.40811674		0.363078639		0.401112138		0.685976737		
	10.58084399	5.916256158	2.655172414	18.76558476			33.28157675		0.384889879		0.38045977		0.377577382		0.673566709		
	11.49172511	6.0591133	2.886699507	17.86800765			27.78222542		0.398544849		0.354625551		0.452316919		0.657013929		
	14.10346041	6.798029557	3.024630542	20.06710275			28.55246877		0.388570392		0.384152457		0.440115029		0.685915003		
	12.79624597	6.137931034	3.073891626	19.54708555			29.85942554		0.432462734		0.332620321		0.420851051		0.678222234		
	12.32181077	6.177339901	2.857142857	19.68950766			31.46264126		0.411132355		0.367502726		0.399406093		0.698137684		
	13.24101531	6.295566502	3.073891626	19.38866496			28.39059696		0.425365022		0.34384858		0.442624388		0.684223396		
	14.5325657	6.822660099	3.280788177	21.76262447			32.58969088		0.397507148		0.350560702		0.385593428		0.649247623		
	12.88172487	6.428571429	2.926108374	21.97974821			37.50346606		0.396876323		0.374407583		0.335072246		0.684808494		
	11.12241258	6.123152709	2.655172414	18.50560104			30.78983694		0.377710396		0.395061728		0.408133718		0.684118261		
	11.06407581	5.793103448	2.812807882	19.37901782			33.94285598		0.419761588		0.346307956		0.370221369		0.678990642		
	10.7175617	5.950738916	2.699507389	18.80644374			33.00026032		0.385357946		0.375854214		0.380796106		0.667176246		
	10.55857944	5.812807882	2.645320197	18.08550635			30.97817676		0.39787227		0.37449039		0.405652363		0.686659249		
	11.84105414	6.103448276	2.866995074	20.2846864			34.7493135		0.404715603		0.360790774		0.36162932		0.676687496		
	9.94860346	5.630541872	2.694581281	18.90030494			35.90670069		0.399550662		0.352662722		0.349972857		0.655723336		
	12.58675289	6.63546798	2.798029557	19.20633889			29.30727699		0.363982672		0.406788512		0.428779877		0.677937801		
	11.17538644	5.837438424	2.798029557	19.77199616			34.9815046		0.417568802		0.351968055		0.359228991		0.684207672		
	12.01576112	6.349753695	2.812807882	19.43066945			31.4213067		0.379443961		0.386021505		0.399931509		0.672750975		
	10.84371133	5.842364532	2.876847291	17.67929505			28.82384675		0.404492771		0.340112994		0.435971323		0.645167508		
	37.0662598	10.14285714	4.960591133	29.79983329			23.9579086		0.45874175		0.343118069		0.524518681		0.736690423		
	32.39692786	10.05418719	4.674876847	28.67128426			25.37408931		0.408056231		0.365217391		0.495244202		0.689265732		
	37.95413623	10.96551724	5.004926108	31.59425215			26.30007867		0.401893504		0.373226403		0.477807339		0.691563908		
	33.21520784	9.783251232	4.832512315	30.21159624			27.47959765		0.441855922		0.338725986		0.457298203		0.70255576		
	49.4807081	11.9408867	5.842364532	34.93408929			24.66396786		0.441847976		0.342936288		0.509503203		0.709268508		
	33.74270184	10.85714286	4.640394089	33.6597374			33.57697694		0.364467551		0.40114431		0.374255569		0.669744934		
	33.97883957	10.01970443	4.862068966	30.54619664			27.46032946		0.430932095		0.346573982		0.457619077		0.697481218		
	31.854425	9.9408867	4.63546798	30.42178859			29.05358427		0.410421063		0.363974316		0.432523936		0.691275334		
	31.10580213	9.837438424	4.620689655	30.63515661			30.17163219		0.409248852		0.360817717		0.416496215		0.684309513		
	30.99428523	9.901477833	4.596059113	31.28420765			31.57684201		0.402523931		0.365953109		0.397961601		0.681076664		
	34.91124512	10.47783251	4.763546798	31.74692205			28.86941031		0.404885807		0.374919198		0.435283245		0.699460913		
	32.49706375	9.995073892	4.581280788	28.34670596			24.72641052		0.414173419		0.37140926		0.508216533		0.709694113		
	32.62898881	9.901477833	4.812807882	32.64903999			32.66910349		0.423753887		0.345831938		0.384656121		0.684707476		
	30.1774127	9.438423645	4.463054187	26.69412917			23.61291007		0.431313635		0.357902197		0.532182208		0.71639142		
	31.16034119	9.645320197	4.615763547	27.65113021			24.53711907		0.426460708		0.352677029		0.512137166		0.699909683		
	34.67129753	10.14778325	4.876847291	32.18298003			29.87324609		0.428684567		0.350819672		0.420656348		0.70058326		
	34.85943605	9.906403941	5.004926108	31.93906516			29.26335015		0.452270655		0.328708292		0.429423513		0.703083092		
	33.10314494	9.995073892	4.743842365	29.44131283			26.1845484		0.421897893		0.356283422		0.479915499		0.69815684		
	30.75083113	10.0591133	4.660098522	31.09395999			31.4409176		0.386943519		0.366800535		0.399682057		0.655997312		
	33.50805649	9.866995074	4.837438424	28.48873853			24.2212861		0.438217316		0.342043551		0.518815168		0.702019018		
	33.19396248	10.28078818	4.596059113	33.37373309			33.55447729		0.399867765		0.382119205		0.374506523		0.702501218		
	34.16554636	9.862068966	4.886699507	29.67348003			25.77202799		0.447262429		0.337341349		0.487597275		0.708932197		
	8.586752894	4.881773399	2.389162562	15.93154166			29.5587893		0.458758211		0.342818428		0.425131439		0.736216672		
	7.835594166	5.18226601	2.231527094	15.09056717			29.06291631		0.371486169		0.398006645		0.432385053		0.677563602		
	6.781152175	4.551724138	2.187192118	12.80819844			24.1920463		0.416736694		0.350877193		0.519442236		0.68114665		
	7.983826349	5.083743842	2.256157635	14.40268731			25.98220362		0.393327111		0.385234899		0.483652996		0.69607812		
	7.416244024	4.906403941	2.177339901	14.43046865			28.07869114		0.392254134		0.385257302		0.447541182		0.694215777		
	8.071198039	5.142857143	2.251231527	14.94348409			27.66723301		0.3885431		0.391072618		0.454196869		0.697129371		
	7.688441845	5.113300493	2.157635468	15.57822702			31.56441343		0.374408605		0.406504065		0.3981183		0.696881516		
	7.309895897	4.748768473	2.231527094	13.89812373			26.42415789		0.412723615		0.36062103		0.475563712		0.689807691		
	7.900495037	4.901477833	2.226600985	14.42548247			26.33943108		0.418707112		0.375259157		0.477093472		0.723910482		
	7.667038754	5.068965517	2.261083744	15.71277731			32.20165941		0.379926077		0.383064516		0.390239846		0.668946944		
	8.030381713	5.295566502	2.266009852	15.49532836			29.8996		0.364604022		0.400651466		0.420285576		0.669209302		
	7.666917421	4.694581281	2.389162562	14.73769787			28.3294741		0.442932124		0.325452017		0.443579382		0.683562489		
